# Piecewise-linear TT-UT1 fit to monthly JPL Horizons/IERS EOP nodes.
# Generated 2026-08-05; ephemeris DE441; EOP eop.260804.p261031.
# columns: start_year end_year origin_year c0_seconds c1_seconds_per_year
2000.000000000000 2000.084699453552 2000.000000000000 63.828370000 0.320781290
2000.084699453552 2000.163934426230 2000.084699453552 63.855540000 0.311857241
2000.163934426230 2000.248633879781 2000.163934426230 63.880250000 0.319600645
2000.248633879781 2000.330601092896 2000.248633879781 63.907320000 0.388326000
2000.330601092896 2000.415300546448 2000.330601092896 63.939150000 0.351596129
2000.415300546448 2000.497267759563 2000.415300546448 63.968930000 0.131638000
2000.497267759563 2000.581967213115 2000.497267759563 63.979720000 0.040614194
2000.581967213115 2000.666666666667 2000.581967213115 63.983160000 0.123849677
2000.666666666667 2000.748633879781 2000.666666666667 63.993650000 0.189466000
2000.748633879781 2000.833333333333 2000.748633879781 64.009180000 0.361749677
2000.833333333333 2000.915300546448 2000.833333333333 64.039820000 0.330742000
2000.915300546448 2001.000000000000 2000.915300546448 64.066930000 0.280285161
2001.000000000000 2001.084931506849 2001.000000000000 64.090670000 0.188269355
2001.084931506849 2001.161643835616 2001.084931506849 64.106660000 0.279355357
2001.161643835616 2001.246575342466 2001.161643835616 64.128090000 0.355933871
2001.246575342466 2001.328767123288 2001.246575342466 64.158320000 0.301855000
2001.328767123288 2001.413698630137 2001.328767123288 64.183130000 0.307424194
2001.413698630137 2001.495890410959 2001.413698630137 64.209240000 0.027618333
2001.495890410959 2001.580821917808 2001.495890410959 64.211510000 -0.051217742
2001.580821917808 2001.665753424658 2001.580821917808 64.207160000 0.050040323
2001.665753424658 2001.747945205479 2001.665753424658 64.211410000 0.130548333
2001.747945205479 2001.832876712329 2001.747945205479 64.222140000 0.325791935
2001.832876712329 2001.915068493151 2001.832876712329 64.249810000 0.317915000
2001.915068493151 2002.000000000000 2001.915068493151 64.275940000 0.279048387
2002.000000000000 2002.084931506849 2002.000000000000 64.299640000 0.228301613
2002.084931506849 2002.161643835616 2002.084931506849 64.319030000 0.336712500
2002.161643835616 2002.246575342466 2002.161643835616 64.344860000 0.335093548
2002.246575342466 2002.328767123288 2002.246575342466 64.373320000 0.253918333
2002.328767123288 2002.413698630137 2002.328767123288 64.394190000 0.244785484
2002.413698630137 2002.495890410959 2002.413698630137 64.414980000 -0.023238333
2002.495890410959 2002.580821917808 2002.495890410959 64.413070000 -0.016012903
2002.580821917808 2002.665753424658 2002.580821917808 64.411710000 -0.025903226
2002.665753424658 2002.747945205479 2002.665753424658 64.409510000 0.086870000
2002.747945205479 2002.832876712329 2002.747945205479 64.416650000 0.190035484
2002.832876712329 2002.915068493151 2002.832876712329 64.432790000 0.220581667
2002.915068493151 2003.000000000000 2002.915068493151 64.450920000 0.263506452
2003.000000000000 2003.084931506849 2003.000000000000 64.473300000 0.187327419
2003.084931506849 2003.161643835616 2003.084931506849 64.489210000 0.208701786
2003.161643835616 2003.246575342466 2003.161643835616 64.505220000 0.253969355
2003.246575342466 2003.328767123288 2003.246575342466 64.526790000 0.245523333
2003.328767123288 2003.413698630137 2003.328767123288 64.546970000 0.148119355
2003.413698630137 2003.495890410959 2003.413698630137 64.559550000 -0.102686667
2003.495890410959 2003.580821917808 2003.495890410959 64.551110000 -0.166369355
2003.580821917808 2003.665753424658 2003.580821917808 64.536980000 -0.013187097
2003.665753424658 2003.747945205479 2003.665753424658 64.535860000 0.067403333
2003.747945205479 2003.832876712329 2003.747945205479 64.541400000 0.151416129
2003.832876712329 2003.915068493151 2003.832876712329 64.554260000 0.134928333
2003.915068493151 2004.000000000000 2003.915068493151 64.565350000 0.096430645
2004.000000000000 2004.084699453552 2004.000000000000 64.573540000 0.183000000
2004.084699453552 2004.163934426230 2004.084699453552 64.589040000 0.155865517
2004.163934426230 2004.248633879781 2004.163934426230 64.601390000 0.190674194
2004.248633879781 2004.330601092896 2004.248633879781 64.617540000 0.241682000
2004.330601092896 2004.415300546448 2004.330601092896 64.637350000 0.205786452
2004.415300546448 2004.497267759563 2004.415300546448 64.654780000 -0.022692000
2004.497267759563 2004.581967213115 2004.497267759563 64.652920000 -0.177805161
2004.581967213115 2004.666666666667 2004.581967213115 64.637860000 -0.008972903
2004.666666666667 2004.748633879781 2004.666666666667 64.637100000 0.034404000
2004.748633879781 2004.833333333333 2004.748633879781 64.639920000 0.169422581
2004.833333333333 2004.915300546448 2004.833333333333 64.654270000 0.219966000
2004.915300546448 2005.000000000000 2004.915300546448 64.672300000 0.180638710
2005.000000000000 2005.084931506849 2005.000000000000 64.687600000 0.206872581
2005.084931506849 2005.161643835616 2005.084931506849 64.705170000 0.340753571
2005.161643835616 2005.246575342466 2005.161643835616 64.731310000 0.308366129
2005.246575342466 2005.328767123288 2005.246575342466 64.757500000 0.286646667
2005.328767123288 2005.413698630137 2005.328767123288 64.781060000 0.223945161
2005.413698630137 2005.495890410959 2005.413698630137 64.800080000 -0.007908333
2005.495890410959 2005.580821917808 2005.495890410959 64.799430000 -0.138817742
2005.580821917808 2005.665753424658 2005.580821917808 64.787640000 -0.053337097
2005.665753424658 2005.747945205479 2005.665753424658 64.783110000 0.109013333
2005.747945205479 2005.832876712329 2005.747945205479 64.792070000 0.207108065
2005.832876712329 2005.915068493151 2005.832876712329 64.809660000 0.260975000
2005.915068493151 2006.000000000000 2005.915068493151 64.831110000 0.165898387
2006.000000000000 2006.084931506849 2006.000000000000 64.845200000 0.171079032
2006.084931506849 2006.161643835616 2006.084931506849 64.859730000 0.329803571
2006.161643835616 2006.246575342466 2006.161643835616 64.885030000 0.382779032
2006.246575342466 2006.328767123288 2006.246575342466 64.917540000 0.371813333
2006.328767123288 2006.413698630137 2006.328767123288 64.948100000 0.369120968
2006.413698630137 2006.495890410959 2006.413698630137 64.979450000 0.122640000
2006.495890410959 2006.580821917808 2006.495890410959 64.989530000 0.157303226
2006.580821917808 2006.665753424658 2006.580821917808 65.002890000 0.129633871
2006.665753424658 2006.747945205479 2006.665753424658 65.013900000 0.283483333
2006.747945205479 2006.832876712329 2006.747945205479 65.037200000 0.472616129
2006.832876712329 2006.915068493151 2006.832876712329 65.077340000 0.425103333
2006.915068493151 2007.000000000000 2006.915068493151 65.112280000 0.402795161
2007.000000000000 2007.084931506849 2007.000000000000 65.146490000 0.434114516
2007.084931506849 2007.161643835616 2007.084931506849 65.183360000 0.407757143
2007.161643835616 2007.246575342466 2007.161643835616 65.214640000 0.409977419
2007.246575342466 2007.328767123288 2007.246575342466 65.249460000 0.519881667
2007.328767123288 2007.413698630137 2007.328767123288 65.292190000 0.422340323
2007.413698630137 2007.495890410959 2007.413698630137 65.328060000 0.163155000
2007.495890410959 2007.580821917808 2007.495890410959 65.341470000 0.045330645
2007.580821917808 2007.665753424658 2007.580821917808 65.345320000 0.052512903
2007.665753424658 2007.747945205479 2007.665753424658 65.349780000 0.261461667
2007.747945205479 2007.832876712329 2007.747945205479 65.371270000 0.307188710
2007.832876712329 2007.915068493151 2007.832876712329 65.397360000 0.393591667
2007.915068493151 2008.000000000000 2007.915068493151 65.429710000 0.326851613
2008.000000000000 2008.084699453552 2008.000000000000 65.457470000 0.347463871
2008.084699453552 2008.163934426230 2008.084699453552 65.486900000 0.359437241
2008.163934426230 2008.248633879781 2008.163934426230 65.515380000 0.351714194
2008.248633879781 2008.330601092896 2008.248633879781 65.545170000 0.403576000
2008.330601092896 2008.415300546448 2008.330601092896 65.578250000 0.409211613
2008.415300546448 2008.497267759563 2008.415300546448 65.612910000 0.195566000
2008.497267759563 2008.581967213115 2008.497267759563 65.628940000 0.097521290
2008.581967213115 2008.666666666667 2008.581967213115 65.637200000 0.145573548
2008.666666666667 2008.748633879781 2008.666666666667 65.649530000 0.325252000
2008.748633879781 2008.833333333333 2008.748633879781 65.676190000 0.397877419
2008.833333333333 2008.915300546448 2008.833333333333 65.709890000 0.444080000
2008.915300546448 2009.000000000000 2008.915300546448 65.746290000 0.363166452
2009.000000000000 2009.084931506849 2009.000000000000 65.777050000 0.301772581
2009.084931506849 2009.161643835616 2009.084931506849 65.802680000 0.276487500
2009.161643835616 2009.246575342466 2009.161643835616 65.823890000 0.421869355
2009.246575342466 2009.328767123288 2009.246575342466 65.859720000 0.459900000
2009.328767123288 2009.413698630137 2009.328767123288 65.897520000 0.411979032
2009.413698630137 2009.495890410959 2009.413698630137 65.932510000 0.226786667
2009.495890410959 2009.580821917808 2009.495890410959 65.951150000 0.029435484
2009.580821917808 2009.665753424658 2009.580821917808 65.953650000 0.111030645
2009.665753424658 2009.747945205479 2009.665753424658 65.963080000 0.255743333
2009.747945205479 2009.832876712329 2009.747945205479 65.984100000 0.362645161
2009.832876712329 2009.915068493151 2009.832876712329 66.014900000 0.333366667
2009.915068493151 2010.000000000000 2009.915068493151 66.042300000 0.328382258
2010.000000000000 2010.084931506849 2010.000000000000 66.070190000 0.308601613
2010.084931506849 2010.161643835616 2010.084931506849 66.096400000 0.454425000
2010.161643835616 2010.246575342466 2010.161643835616 66.131260000 0.438588710
2010.246575342466 2010.328767123288 2010.246575342466 66.168510000 0.473405000
2010.328767123288 2010.413698630137 2010.328767123288 66.207420000 0.334740323
2010.413698630137 2010.495890410959 2010.413698630137 66.235850000 0.063875000
2010.495890410959 2010.580821917808 2010.495890410959 66.241100000 -0.085833871
2010.580821917808 2010.665753424658 2010.580821917808 66.233810000 0.016012903
2010.665753424658 2010.747945205479 2010.665753424658 66.235170000 0.111933333
2010.747945205479 2010.832876712329 2010.747945205479 66.244370000 0.365117742
2010.832876712329 2010.915068493151 2010.832876712329 66.275380000 0.368771667
2010.915068493151 2011.000000000000 2010.915068493151 66.305690000 0.225358065
2011.000000000000 2011.084931506849 2011.000000000000 66.324830000 0.188504839
2011.084931506849 2011.161643835616 2011.084931506849 66.340840000 0.285221429
2011.161643835616 2011.246575342466 2011.161643835616 66.362720000 0.391609677
2011.246575342466 2011.328767123288 2011.246575342466 66.395980000 0.404055000
2011.328767123288 2011.413698630137 2011.328767123288 66.429190000 0.388077419
2011.413698630137 2011.495890410959 2011.413698630137 66.462150000 0.158166667
2011.495890410959 2011.580821917808 2011.495890410959 66.475150000 0.002590323
2011.580821917808 2011.665753424658 2011.580821917808 66.475370000 0.091485484
2011.665753424658 2011.747945205479 2011.665753424658 66.483140000 0.276791667
2011.747945205479 2011.832876712329 2011.747945205479 66.505890000 0.384662903
2011.832876712329 2011.915068493151 2011.832876712329 66.538560000 0.392740000
2011.915068493151 2012.000000000000 2011.915068493151 66.570840000 0.381954839
2012.000000000000 2012.084699453552 2012.000000000000 66.603280000 0.365763871
2012.084699453552 2012.163934426230 2012.084699453552 66.634260000 0.289392414
2012.163934426230 2012.248633879781 2012.163934426230 66.657190000 0.419955484
2012.248633879781 2012.330601092896 2012.248633879781 66.692760000 0.443592000
2012.330601092896 2012.415300546448 2012.330601092896 66.729120000 0.342505161
2012.415300546448 2012.497267759563 2012.415300546448 66.758130000 0.157136000
2012.497267759563 2012.581967213115 2012.497267759563 66.771010000 0.038725161
2012.581967213115 2012.666666666667 2012.581967213115 66.774290000 0.124912258
2012.666666666667 2012.748633879781 2012.666666666667 66.784870000 0.313418000
2012.748633879781 2012.833333333333 2012.748633879781 66.810560000 0.351123871
2012.833333333333 2012.915300546448 2012.833333333333 66.840300000 0.461282000
2012.915300546448 2013.000000000000 2012.915300546448 66.878110000 0.342977419
2013.000000000000 2013.084931506849 2013.000000000000 66.907160000 0.439648387
2013.084931506849 2013.161643835616 2013.084931506849 66.944500000 0.417142857
2013.161643835616 2013.246575342466 2013.161643835616 66.976500000 0.583529032
2013.246575342466 2013.328767123288 2013.246575342466 67.026060000 0.557233333
2013.328767123288 2013.413698630137 2013.328767123288 67.071860000 0.452129032
2013.413698630137 2013.495890410959 2013.413698630137 67.110260000 0.201845000
2013.495890410959 2013.580821917808 2013.495890410959 67.126850000 0.076532258
2013.580821917808 2013.665753424658 2013.580821917808 67.133350000 0.149061290
2013.665753424658 2013.747945205479 2013.665753424658 67.146010000 0.315846667
2013.747945205479 2013.832876712329 2013.747945205479 67.171970000 0.439766129
2013.832876712329 2013.915068493151 2013.832876712329 67.209320000 0.448585000
2013.915068493151 2014.000000000000 2013.915068493151 67.246190000 0.412803226
2014.000000000000 2014.084931506849 2014.000000000000 67.281250000 0.383956452
2014.084931506849 2014.161643835616 2014.084931506849 67.313860000 0.417664286
2014.161643835616 2014.246575342466 2014.161643835616 67.345900000 0.509704839
2014.246575342466 2014.328767123288 2014.246575342466 67.389190000 0.521341667
2014.328767123288 2014.413698630137 2014.328767123288 67.432040000 0.409388710
2014.413698630137 2014.495890410959 2014.413698630137 67.466810000 0.233843333
2014.495890410959 2014.580821917808 2014.495890410959 67.486030000 0.153770968
2014.580821917808 2014.665753424658 2014.580821917808 67.499090000 0.143291935
2014.665753424658 2014.747945205479 2014.665753424658 67.511260000 0.294311667
2014.747945205479 2014.832876712329 2014.747945205479 67.535450000 0.421987097
2014.832876712329 2014.915068493151 2014.832876712329 67.571290000 0.436661667
2014.915068493151 2015.000000000000 2014.915068493151 67.607180000 0.434350000
2015.000000000000 2015.084931506849 2015.000000000000 67.644070000 0.383956452
2015.084931506849 2015.161643835616 2015.084931506849 67.676680000 0.458075000
2015.161643835616 2015.246575342466 2015.161643835616 67.711820000 0.557743548
2015.246575342466 2015.328767123288 2015.246575342466 67.759190000 0.512095000
2015.328767123288 2015.413698630137 2015.328767123288 67.801280000 0.459900000
2015.413698630137 2015.495890410959 2015.413698630137 67.840340000 0.248321667
2015.495890410959 2015.580821917808 2015.495890410959 67.860750000 0.253380645
2015.580821917808 2015.665753424658 2015.580821917808 67.882270000 0.351459677
2015.665753424658 2015.747945205479 2015.665753424658 67.912120000 0.518908333
2015.747945205479 2015.832876712329 2015.747945205479 67.954770000 0.598364516
2015.832876712329 2015.915068493151 2015.832876712329 68.005590000 0.558815000
2015.915068493151 2016.000000000000 2015.915068493151 68.051520000 0.601072581
2016.000000000000 2016.084699453552 2016.000000000000 68.102570000 0.652306452
2016.084699453552 2016.163934426230 2016.084699453552 68.157820000 0.588628966
2016.163934426230 2016.248633879781 2016.163934426230 68.204460000 0.732944516
2016.248633879781 2016.330601092896 2016.248633879781 68.266540000 0.638914000
2016.330601092896 2016.415300546448 2016.330601092896 68.318910000 0.608386452
2016.415300546448 2016.497267759563 2016.415300546448 68.370440000 0.318176000
2016.497267759563 2016.581967213115 2016.497267759563 68.396520000 0.153601935
2016.581967213115 2016.666666666667 2016.581967213115 68.409530000 0.248171613
2016.666666666667 2016.748633879781 2016.666666666667 68.430550000 0.396622000
2016.748633879781 2016.833333333333 2016.748633879781 68.463060000 0.529283226
2016.833333333333 2016.915300546448 2016.833333333333 68.507890000 0.559614000
2016.915300546448 2017.000000000000 2016.915300546448 68.553760000 0.460687742
2017.000000000000 2017.084931506849 2017.000000000000 68.592780000 0.436822581
2017.084931506849 2017.161643835616 2017.084931506849 68.629880000 0.485058929
2017.161643835616 2017.246575342466 2017.161643835616 68.667090000 0.547264516
2017.246575342466 2017.328767123288 2017.246575342466 68.713570000 0.593003333
2017.328767123288 2017.413698630137 2017.328767123288 68.762310000 0.483095161
2017.413698630137 2017.495890410959 2017.413698630137 68.803340000 0.257811667
2017.495890410959 2017.580821917808 2017.495890410959 68.824530000 0.151298387
2017.580821917808 2017.665753424658 2017.580821917808 68.837380000 0.121862903
2017.665753424658 2017.747945205479 2017.665753424658 68.847730000 0.257446667
2017.747945205479 2017.832876712329 2017.747945205479 68.868890000 0.373477419
2017.832876712329 2017.915068493151 2017.832876712329 68.900610000 0.424738333
2017.915068493151 2018.000000000000 2017.915068493151 68.935520000 0.378422581
2018.000000000000 2018.084931506849 2018.000000000000 68.967660000 0.233835484
2018.084931506849 2018.161643835616 2018.084931506849 68.987520000 0.391983929
2018.161643835616 2018.246575342466 2018.161643835616 69.017590000 0.380777419
2018.246575342466 2018.328767123288 2018.246575342466 69.049930000 0.394565000
2018.328767123288 2018.413698630137 2018.328767123288 69.082360000 0.290116129
2018.413698630137 2018.495890410959 2018.413698630137 69.107000000 0.078475000
2018.495890410959 2018.580821917808 2018.495890410959 69.113450000 0.008595161
2018.580821917808 2018.665753424658 2018.580821917808 69.114180000 0.076767742
2018.665753424658 2018.747945205479 2018.665753424658 69.120700000 0.180918333
2018.747945205479 2018.832876712329 2018.747945205479 69.135570000 0.341569355
2018.832876712329 2018.915068493151 2018.832876712329 69.164580000 0.387386667
2018.915068493151 2019.000000000000 2018.915068493151 69.196420000 0.279283871
2019.000000000000 2019.084931506849 2019.000000000000 69.220140000 0.294472581
2019.084931506849 2019.161643835616 2019.084931506849 69.245150000 0.366303571
2019.161643835616 2019.246575342466 2019.161643835616 69.273250000 0.352283871
2019.246575342466 2019.328767123288 2019.246575342466 69.303170000 0.357456667
2019.328767123288 2019.413698630137 2019.328767123288 69.332550000 0.252909677
2019.413698630137 2019.495890410959 2019.413698630137 69.354030000 0.050248333
2019.495890410959 2019.580821917808 2019.495890410959 69.358160000 -0.164956452
2019.580821917808 2019.665753424658 2019.580821917808 69.344150000 -0.077120968
2019.665753424658 2019.747945205479 2019.665753424658 69.337600000 0.001460000
2019.747945205479 2019.832876712329 2019.747945205479 69.337720000 0.064287097
2019.832876712329 2019.915068493151 2019.832876712329 69.343180000 0.131521667
2019.915068493151 2020.000000000000 2019.915068493151 69.353990000 0.084185484
2020.000000000000 2020.084699453552 2020.000000000000 69.361140000 0.165290323
2020.084699453552 2020.163934426230 2020.084699453552 69.375140000 0.174291724
2020.163934426230 2020.248633879781 2020.163934426230 69.388950000 0.238254194
2020.248633879781 2020.330601092896 2020.248633879781 69.409130000 0.211060000
2020.330601092896 2020.415300546448 2020.330601092896 69.426430000 0.143802581
2020.415300546448 2020.497267759563 2020.415300546448 69.438610000 -0.177022000
2020.497267759563 2020.581967213115 2020.497267759563 69.424100000 -0.377924516
2020.581967213115 2020.666666666667 2020.581967213115 69.392090000 -0.268950968
2020.666666666667 2020.748633879781 2020.666666666667 69.369310000 -0.144692000
2020.748633879781 2020.833333333333 2020.748633879781 69.357450000 0.021841935
2020.833333333333 2020.915300546448 2020.833333333333 69.359300000 0.044896000
2020.915300546448 2021.000000000000 2020.915300546448 69.362980000 -0.043093548
2021.000000000000 2021.084931506849 2021.000000000000 69.359330000 -0.098079032
2021.084931506849 2021.161643835616 2021.084931506849 69.351000000 0.035978571
2021.161643835616 2021.246575342466 2021.161643835616 69.353760000 0.052277419
2021.246575342466 2021.328767123288 2021.246575342466 69.358200000 0.110473333
2021.328767123288 2021.413698630137 2021.328767123288 69.367280000 0.006711290
2021.413698630137 2021.495890410959 2021.413698630137 69.367850000 -0.199898333
2021.495890410959 2021.580821917808 2021.495890410959 69.351420000 -0.283758065
2021.580821917808 2021.665753424658 2021.580821917808 69.327320000 -0.282698387
2021.665753424658 2021.747945205479 2021.665753424658 69.303310000 -0.171185000
2021.747945205479 2021.832876712329 2021.747945205479 69.289240000 -0.014011290
2021.832876712329 2021.915068493151 2021.832876712329 69.288050000 0.033580000
2021.915068493151 2022.000000000000 2021.915068493151 69.290810000 0.043446774
2022.000000000000 2022.084931506849 2022.000000000000 69.294500000 -0.036735484
2022.084931506849 2022.161643835616 2022.084931506849 69.291380000 -0.068437500
2022.161643835616 2022.246575342466 2022.161643835616 69.286130000 -0.030848387
2022.246575342466 2022.328767123288 2022.246575342466 69.283510000 -0.023725000
2022.328767123288 2022.413698630137 2022.328767123288 69.281560000 -0.019427419
2022.413698630137 2022.495890410959 2022.413698630137 69.279910000 -0.331298333
2022.495890410959 2022.580821917808 2022.495890410959 69.252680000 -0.368296774
2022.580821917808 2022.665753424658 2022.580821917808 69.221400000 -0.281403226
2022.665753424658 2022.747945205479 2022.665753424658 69.197500000 -0.102565000
2022.747945205479 2022.832876712329 2022.747945205479 69.189070000 0.060637097
2022.832876712329 2022.915068493151 2022.832876712329 69.194220000 0.114488333
2022.915068493151 2023.000000000000 2022.915068493151 69.203630000 0.002472581
2023.000000000000 2023.084931506849 2023.000000000000 69.203840000 -0.061108065
2023.084931506849 2023.161643835616 2023.084931506849 69.198650000 0.008994643
2023.161643835616 2023.246575342466 2023.161643835616 69.199340000 0.106556452
2023.246575342466 2023.328767123288 2023.246575342466 69.208390000 0.119963333
2023.328767123288 2023.413698630137 2023.328767123288 69.218250000 0.139406452
2023.413698630137 2023.495890410959 2023.413698630137 69.230090000 -0.120328333
2023.495890410959 2023.580821917808 2023.495890410959 69.220200000 -0.251379032
2023.580821917808 2023.665753424658 2023.580821917808 69.198850000 -0.204282258
2023.665753424658 2023.747945205479 2023.665753424658 69.181500000 -0.111203333
2023.747945205479 2023.832876712329 2023.747945205479 69.172360000 0.004709677
2023.832876712329 2023.915068493151 2023.832876712329 69.172760000 -0.003041667
2023.915068493151 2024.000000000000 2023.915068493151 69.172510000 0.033085484
2024.000000000000 2024.084699453552 2024.000000000000 69.175320000 0.053129032
2024.084699453552 2024.163934426230 2024.084699453552 69.179820000 0.096422069
2024.163934426230 2024.248633879781 2024.163934426230 69.187460000 0.128808387
2024.248633879781 2024.330601092896 2024.248633879781 69.198370000 0.043310000
2024.330601092896 2024.415300546448 2024.330601092896 69.201920000 0.031050968
2024.415300546448 2024.497267759563 2024.415300546448 69.204550000 -0.201666000
2024.497267759563 2024.581967213115 2024.497267759563 69.188020000 -0.343803871
2024.581967213115 2024.666666666667 2024.581967213115 69.158900000 -0.313933548
2024.666666666667 2024.748633879781 2024.666666666667 69.132310000 -0.087962000
2024.748633879781 2024.833333333333 2024.748633879781 69.125100000 0.063990968
2024.833333333333 2024.915300546448 2024.833333333333 69.130520000 0.050020000
2024.915300546448 2025.000000000000 2024.915300546448 69.134620000 0.038252903
2025.000000000000 2025.084931506849 2025.000000000000 69.137860000 -0.013540323
2025.084931506849 2025.161643835616 2025.084931506849 69.136710000 0.023725000
2025.161643835616 2025.246575342466 2025.161643835616 69.138530000 0.102670968
2025.246575342466 2025.328767123288 2025.246575342466 69.147250000 0.086991667
2025.328767123288 2025.413698630137 2025.328767123288 69.154400000 0.009419355
2025.413698630137 2025.495890410959 2025.413698630137 69.155200000 -0.175565000
2025.495890410959 2025.580821917808 2025.495890410959 69.140770000 -0.220177419
2025.580821917808 2025.665753424658 2025.580821917808 69.122070000 -0.264448387
2025.665753424658 2025.747945205479 2025.665753424658 69.099610000 -0.102686667
2025.747945205479 2025.832876712329 2025.747945205479 69.091170000 -0.000941935
2025.832876712329 2025.915068493151 2025.832876712329 69.091090000 0.161938333
2025.915068493151 2026.000000000000 2025.915068493151 69.104400000 0.067466129
2026.000000000000 2026.084931506849 2026.000000000000 69.110130000 0.040385484
2026.084931506849 2026.161643835616 2026.084931506849 69.113560000 0.045103571
2026.161643835616 2026.246575342466 2026.161643835616 69.117020000 0.191448387
2026.246575342466 2026.328767123288 2026.246575342466 69.133280000 0.219365000
2026.328767123288 2026.413698630137 2026.328767123288 69.151310000 0.178614516
2026.413698630137 2026.495890410959 2026.413698630137 69.166480000 0.039906667
2026.495890410959 2026.580821917808 2026.495890410959 69.169760000 0.021193548
2026.580821917808 2026.665753424658 2026.580821917808 69.171560000 -0.086187097
2026.665753424658 2026.747945205479 2026.665753424658 69.164240000 -0.018128333
2026.747945205479 2026.832876712329 2026.747945205479 69.162750000 0.099491935
2026.832876712329 2026.915068493151 2026.832876712329 69.171200000 0.000000000
2026.915068493151 2027.000000000000 2026.915068493151 69.171200000 0.000000000
2027.000000000000 2027.084931506849 2027.000000000000 69.171200000 0.000000000
2027.084931506849 2027.161643835616 2027.084931506849 69.171200000 0.000000000
2027.161643835616 2027.246575342466 2027.161643835616 69.171200000 0.000000000
2027.246575342466 2027.328767123288 2027.246575342466 69.171200000 0.000000000
2027.328767123288 2027.413698630137 2027.328767123288 69.171200000 0.000000000
2027.413698630137 2027.495890410959 2027.413698630137 69.171200000 0.000000000
2027.495890410959 2027.580821917808 2027.495890410959 69.171200000 0.000000000
2027.580821917808 2027.665753424658 2027.580821917808 69.171200000 0.000000000
2027.665753424658 2027.747945205479 2027.665753424658 69.171200000 0.000000000
2027.747945205479 2027.832876712329 2027.747945205479 69.171200000 0.000000000
2027.832876712329 2027.915068493151 2027.832876712329 69.171200000 0.000000000
2027.915068493151 2028.000000000000 2027.915068493151 69.171200000 0.000000000
2028.000000000000 2028.084699453552 2028.000000000000 69.171200000 0.000000000
2028.084699453552 2028.163934426230 2028.084699453552 69.171200000 0.000000000
2028.163934426230 2028.248633879781 2028.163934426230 69.171200000 0.000000000
2028.248633879781 2028.330601092896 2028.248633879781 69.171200000 0.000000000
2028.330601092896 2028.415300546448 2028.330601092896 69.171200000 0.000000000
2028.415300546448 2028.497267759563 2028.415300546448 69.171200000 0.000000000
2028.497267759563 2028.581967213115 2028.497267759563 69.171200000 0.000000000
2028.581967213115 2028.666666666667 2028.581967213115 69.171200000 0.000000000
2028.666666666667 2028.748633879781 2028.666666666667 69.171200000 0.000000000
2028.748633879781 2028.833333333333 2028.748633879781 69.171200000 0.000000000
2028.833333333333 2028.915300546448 2028.833333333333 69.171200000 0.000000000
2028.915300546448 2029.000000000000 2028.915300546448 69.171200000 0.000000000
2029.000000000000 2029.084931506849 2029.000000000000 69.171200000 0.000000000
2029.084931506849 2029.161643835616 2029.084931506849 69.171200000 0.000000000
2029.161643835616 2029.246575342466 2029.161643835616 69.171200000 0.000000000
2029.246575342466 2029.328767123288 2029.246575342466 69.171200000 0.000000000
2029.328767123288 2029.413698630137 2029.328767123288 69.171200000 0.000000000
2029.413698630137 2029.495890410959 2029.413698630137 69.171200000 0.000000000
2029.495890410959 2029.580821917808 2029.495890410959 69.171200000 0.000000000
2029.580821917808 2029.665753424658 2029.580821917808 69.171200000 0.000000000
2029.665753424658 2029.747945205479 2029.665753424658 69.171200000 0.000000000
2029.747945205479 2029.832876712329 2029.747945205479 69.171200000 0.000000000
2029.832876712329 2029.915068493151 2029.832876712329 69.171200000 0.000000000
2029.915068493151 2030.000000000000 2029.915068493151 69.171200000 0.000000000
2030.000000000000 2030.084931506849 2030.000000000000 69.171200000 0.000000000
2030.084931506849 2030.161643835616 2030.084931506849 69.171200000 0.000000000
2030.161643835616 2030.246575342466 2030.161643835616 69.171200000 0.000000000
2030.246575342466 2030.328767123288 2030.246575342466 69.171200000 0.000000000
2030.328767123288 2030.413698630137 2030.328767123288 69.171200000 0.000000000
2030.413698630137 2030.495890410959 2030.413698630137 69.171200000 0.000000000
2030.495890410959 2030.580821917808 2030.495890410959 69.171200000 0.000000000
2030.580821917808 2030.665753424658 2030.580821917808 69.171200000 0.000000000
2030.665753424658 2030.747945205479 2030.665753424658 69.171200000 0.000000000
2030.747945205479 2030.832876712329 2030.747945205479 69.171200000 0.000000000
2030.832876712329 2030.915068493151 2030.832876712329 69.171200000 0.000000000
2030.915068493151 2031.000000000000 2030.915068493151 69.171200000 0.000000000
2031.000000000000 2031.084931506849 2031.000000000000 69.171200000 0.000000000
2031.084931506849 2031.161643835616 2031.084931506849 69.171200000 0.000000000
2031.161643835616 2031.246575342466 2031.161643835616 69.171200000 0.000000000
2031.246575342466 2031.328767123288 2031.246575342466 69.171200000 0.000000000
2031.328767123288 2031.413698630137 2031.328767123288 69.171200000 0.000000000
2031.413698630137 2031.495890410959 2031.413698630137 69.171200000 0.000000000
2031.495890410959 2031.580821917808 2031.495890410959 69.171200000 0.000000000
2031.580821917808 2031.665753424658 2031.580821917808 69.171200000 0.000000000
2031.665753424658 2031.747945205479 2031.665753424658 69.171200000 0.000000000
2031.747945205479 2031.832876712329 2031.747945205479 69.171200000 0.000000000
2031.832876712329 2031.915068493151 2031.832876712329 69.171200000 0.000000000
2031.915068493151 2032.000000000000 2031.915068493151 69.171200000 0.000000000
2032.000000000000 2032.084699453552 2032.000000000000 69.171200000 0.000000000
2032.084699453552 2032.163934426230 2032.084699453552 69.171200000 0.000000000
2032.163934426230 2032.248633879781 2032.163934426230 69.171200000 0.000000000
2032.248633879781 2032.330601092896 2032.248633879781 69.171200000 0.000000000
2032.330601092896 2032.415300546448 2032.330601092896 69.171200000 0.000000000
2032.415300546448 2032.497267759563 2032.415300546448 69.171200000 0.000000000
2032.497267759563 2032.581967213115 2032.497267759563 69.171200000 0.000000000
2032.581967213115 2032.666666666667 2032.581967213115 69.171200000 0.000000000
2032.666666666667 2032.748633879781 2032.666666666667 69.171200000 0.000000000
2032.748633879781 2032.833333333333 2032.748633879781 69.171200000 0.000000000
2032.833333333333 2032.915300546448 2032.833333333333 69.171200000 0.000000000
2032.915300546448 2033.000000000000 2032.915300546448 69.171200000 0.000000000
2033.000000000000 2033.084931506849 2033.000000000000 69.171200000 0.000000000
2033.084931506849 2033.161643835616 2033.084931506849 69.171200000 0.000000000
2033.161643835616 2033.246575342466 2033.161643835616 69.171200000 0.000000000
2033.246575342466 2033.328767123288 2033.246575342466 69.171200000 0.000000000
2033.328767123288 2033.413698630137 2033.328767123288 69.171200000 0.000000000
2033.413698630137 2033.495890410959 2033.413698630137 69.171200000 0.000000000
2033.495890410959 2033.580821917808 2033.495890410959 69.171200000 0.000000000
2033.580821917808 2033.665753424658 2033.580821917808 69.171200000 0.000000000
2033.665753424658 2033.747945205479 2033.665753424658 69.171200000 0.000000000
2033.747945205479 2033.832876712329 2033.747945205479 69.171200000 0.000000000
2033.832876712329 2033.915068493151 2033.832876712329 69.171200000 0.000000000
2033.915068493151 2034.000000000000 2033.915068493151 69.171200000 0.000000000
2034.000000000000 2034.084931506849 2034.000000000000 69.171200000 0.000000000
2034.084931506849 2034.161643835616 2034.084931506849 69.171200000 0.000000000
2034.161643835616 2034.246575342466 2034.161643835616 69.171200000 0.000000000
2034.246575342466 2034.328767123288 2034.246575342466 69.171200000 0.000000000
2034.328767123288 2034.413698630137 2034.328767123288 69.171200000 0.000000000
2034.413698630137 2034.495890410959 2034.413698630137 69.171200000 0.000000000
2034.495890410959 2034.580821917808 2034.495890410959 69.171200000 0.000000000
2034.580821917808 2034.665753424658 2034.580821917808 69.171200000 0.000000000
2034.665753424658 2034.747945205479 2034.665753424658 69.171200000 0.000000000
2034.747945205479 2034.832876712329 2034.747945205479 69.171200000 0.000000000
2034.832876712329 2034.915068493151 2034.832876712329 69.171200000 0.000000000
2034.915068493151 2035.000000000000 2034.915068493151 69.171200000 0.000000000
2035.000000000000 2035.084931506849 2035.000000000000 69.171200000 0.000000000
2035.084931506849 2035.161643835616 2035.084931506849 69.171200000 0.000000000
2035.161643835616 2035.246575342466 2035.161643835616 69.171200000 0.000000000
2035.246575342466 2035.328767123288 2035.246575342466 69.171200000 0.000000000
2035.328767123288 2035.413698630137 2035.328767123288 69.171200000 0.000000000
2035.413698630137 2035.495890410959 2035.413698630137 69.171200000 0.000000000
2035.495890410959 2035.580821917808 2035.495890410959 69.171200000 0.000000000
2035.580821917808 2035.665753424658 2035.580821917808 69.171200000 0.000000000
2035.665753424658 2035.747945205479 2035.665753424658 69.171200000 0.000000000
2035.747945205479 2035.832876712329 2035.747945205479 69.171200000 0.000000000
2035.832876712329 2035.915068493151 2035.832876712329 69.171200000 0.000000000
2035.915068493151 2036.000000000000 2035.915068493151 69.171200000 0.000000000
2036.000000000000 2036.084699453552 2036.000000000000 69.171200000 0.000000000
2036.084699453552 2036.163934426230 2036.084699453552 69.171200000 0.000000000
2036.163934426230 2036.248633879781 2036.163934426230 69.171200000 0.000000000
2036.248633879781 2036.330601092896 2036.248633879781 69.171200000 0.000000000
2036.330601092896 2036.415300546448 2036.330601092896 69.171200000 0.000000000
2036.415300546448 2036.497267759563 2036.415300546448 69.171200000 0.000000000
2036.497267759563 2036.581967213115 2036.497267759563 69.171200000 0.000000000
2036.581967213115 2036.666666666667 2036.581967213115 69.171200000 0.000000000
2036.666666666667 2036.748633879781 2036.666666666667 69.171200000 0.000000000
2036.748633879781 2036.833333333333 2036.748633879781 69.171200000 0.000000000
2036.833333333333 2036.915300546448 2036.833333333333 69.171200000 0.000000000
2036.915300546448 2037.000000000000 2036.915300546448 69.171200000 0.000000000
2037.000000000000 2037.084931506849 2037.000000000000 69.171200000 0.000000000
2037.084931506849 2037.161643835616 2037.084931506849 69.171200000 0.000000000
2037.161643835616 2037.246575342466 2037.161643835616 69.171200000 0.000000000
2037.246575342466 2037.328767123288 2037.246575342466 69.171200000 0.000000000
2037.328767123288 2037.413698630137 2037.328767123288 69.171200000 0.000000000
2037.413698630137 2037.495890410959 2037.413698630137 69.171200000 0.000000000
2037.495890410959 2037.580821917808 2037.495890410959 69.171200000 0.000000000
2037.580821917808 2037.665753424658 2037.580821917808 69.171200000 0.000000000
2037.665753424658 2037.747945205479 2037.665753424658 69.171200000 0.000000000
2037.747945205479 2037.832876712329 2037.747945205479 69.171200000 0.000000000
2037.832876712329 2037.915068493151 2037.832876712329 69.171200000 0.000000000
2037.915068493151 2038.000000000000 2037.915068493151 69.171200000 0.000000000
2038.000000000000 2038.084931506849 2038.000000000000 69.171200000 0.000000000
2038.084931506849 2038.161643835616 2038.084931506849 69.171200000 0.000000000
2038.161643835616 2038.246575342466 2038.161643835616 69.171200000 0.000000000
2038.246575342466 2038.328767123288 2038.246575342466 69.171200000 0.000000000
2038.328767123288 2038.413698630137 2038.328767123288 69.171200000 0.000000000
2038.413698630137 2038.495890410959 2038.413698630137 69.171200000 0.000000000
2038.495890410959 2038.580821917808 2038.495890410959 69.171200000 0.000000000
2038.580821917808 2038.665753424658 2038.580821917808 69.171200000 0.000000000
2038.665753424658 2038.747945205479 2038.665753424658 69.171200000 0.000000000
2038.747945205479 2038.832876712329 2038.747945205479 69.171200000 0.000000000
2038.832876712329 2038.915068493151 2038.832876712329 69.171200000 0.000000000
2038.915068493151 2039.000000000000 2038.915068493151 69.171200000 0.000000000
2039.000000000000 2039.084931506849 2039.000000000000 69.171200000 0.000000000
2039.084931506849 2039.161643835616 2039.084931506849 69.171200000 0.000000000
2039.161643835616 2039.246575342466 2039.161643835616 69.171200000 0.000000000
2039.246575342466 2039.328767123288 2039.246575342466 69.171200000 0.000000000
2039.328767123288 2039.413698630137 2039.328767123288 69.171200000 0.000000000
2039.413698630137 2039.495890410959 2039.413698630137 69.171200000 0.000000000
2039.495890410959 2039.580821917808 2039.495890410959 69.171200000 0.000000000
2039.580821917808 2039.665753424658 2039.580821917808 69.171200000 0.000000000
2039.665753424658 2039.747945205479 2039.665753424658 69.171200000 0.000000000
2039.747945205479 2039.832876712329 2039.747945205479 69.171200000 0.000000000
2039.832876712329 2039.915068493151 2039.832876712329 69.171200000 0.000000000
2039.915068493151 2040.000000000000 2039.915068493151 69.171200000 0.000000000
2040.000000000000 2040.084699453552 2040.000000000000 69.171200000 0.000000000
2040.084699453552 2040.163934426230 2040.084699453552 69.171200000 0.000000000
2040.163934426230 2040.248633879781 2040.163934426230 69.171200000 0.000000000
2040.248633879781 2040.330601092896 2040.248633879781 69.171200000 0.000000000
2040.330601092896 2040.415300546448 2040.330601092896 69.171200000 0.000000000
2040.415300546448 2040.497267759563 2040.415300546448 69.171200000 0.000000000
2040.497267759563 2040.581967213115 2040.497267759563 69.171200000 0.000000000
2040.581967213115 2040.666666666667 2040.581967213115 69.171200000 0.000000000
2040.666666666667 2040.748633879781 2040.666666666667 69.171200000 0.000000000
2040.748633879781 2040.833333333333 2040.748633879781 69.171200000 0.000000000
2040.833333333333 2040.915300546448 2040.833333333333 69.171200000 0.000000000
2040.915300546448 2041.000000000000 2040.915300546448 69.171200000 0.000000000
2041.000000000000 2041.084931506849 2041.000000000000 69.171200000 0.000000000
2041.084931506849 2041.161643835616 2041.084931506849 69.171200000 0.000000000
2041.161643835616 2041.246575342466 2041.161643835616 69.171200000 0.000000000
2041.246575342466 2041.328767123288 2041.246575342466 69.171200000 0.000000000
2041.328767123288 2041.413698630137 2041.328767123288 69.171200000 0.000000000
2041.413698630137 2041.495890410959 2041.413698630137 69.171200000 0.000000000
2041.495890410959 2041.580821917808 2041.495890410959 69.171200000 0.000000000
2041.580821917808 2041.665753424658 2041.580821917808 69.171200000 0.000000000
2041.665753424658 2041.747945205479 2041.665753424658 69.171200000 0.000000000
2041.747945205479 2041.832876712329 2041.747945205479 69.171200000 0.000000000
2041.832876712329 2041.915068493151 2041.832876712329 69.171200000 0.000000000
2041.915068493151 2042.000000000000 2041.915068493151 69.171200000 0.000000000
2042.000000000000 2042.084931506849 2042.000000000000 69.171200000 0.000000000
2042.084931506849 2042.161643835616 2042.084931506849 69.171200000 0.000000000
2042.161643835616 2042.246575342466 2042.161643835616 69.171200000 0.000000000
2042.246575342466 2042.328767123288 2042.246575342466 69.171200000 0.000000000
2042.328767123288 2042.413698630137 2042.328767123288 69.171200000 0.000000000
2042.413698630137 2042.495890410959 2042.413698630137 69.171200000 0.000000000
2042.495890410959 2042.580821917808 2042.495890410959 69.171200000 0.000000000
2042.580821917808 2042.665753424658 2042.580821917808 69.171200000 0.000000000
2042.665753424658 2042.747945205479 2042.665753424658 69.171200000 0.000000000
2042.747945205479 2042.832876712329 2042.747945205479 69.171200000 0.000000000
2042.832876712329 2042.915068493151 2042.832876712329 69.171200000 0.000000000
2042.915068493151 2043.000000000000 2042.915068493151 69.171200000 0.000000000
2043.000000000000 2043.084931506849 2043.000000000000 69.171200000 0.000000000
2043.084931506849 2043.161643835616 2043.084931506849 69.171200000 0.000000000
2043.161643835616 2043.246575342466 2043.161643835616 69.171200000 0.000000000
2043.246575342466 2043.328767123288 2043.246575342466 69.171200000 0.000000000
2043.328767123288 2043.413698630137 2043.328767123288 69.171200000 0.000000000
2043.413698630137 2043.495890410959 2043.413698630137 69.171200000 0.000000000
2043.495890410959 2043.580821917808 2043.495890410959 69.171200000 0.000000000
2043.580821917808 2043.665753424658 2043.580821917808 69.171200000 0.000000000
2043.665753424658 2043.747945205479 2043.665753424658 69.171200000 0.000000000
2043.747945205479 2043.832876712329 2043.747945205479 69.171200000 0.000000000
2043.832876712329 2043.915068493151 2043.832876712329 69.171200000 0.000000000
2043.915068493151 2044.000000000000 2043.915068493151 69.171200000 0.000000000
2044.000000000000 2044.084699453552 2044.000000000000 69.171200000 0.000000000
2044.084699453552 2044.163934426230 2044.084699453552 69.171200000 0.000000000
2044.163934426230 2044.248633879781 2044.163934426230 69.171200000 0.000000000
2044.248633879781 2044.330601092896 2044.248633879781 69.171200000 0.000000000
2044.330601092896 2044.415300546448 2044.330601092896 69.171200000 0.000000000
2044.415300546448 2044.497267759563 2044.415300546448 69.171200000 0.000000000
2044.497267759563 2044.581967213115 2044.497267759563 69.171200000 0.000000000
2044.581967213115 2044.666666666667 2044.581967213115 69.171200000 0.000000000
2044.666666666667 2044.748633879781 2044.666666666667 69.171200000 0.000000000
2044.748633879781 2044.833333333333 2044.748633879781 69.171200000 0.000000000
2044.833333333333 2044.915300546448 2044.833333333333 69.171200000 0.000000000
2044.915300546448 2045.000000000000 2044.915300546448 69.171200000 0.000000000
2045.000000000000 2045.084931506849 2045.000000000000 69.171200000 0.000000000
2045.084931506849 2045.161643835616 2045.084931506849 69.171200000 0.000000000
2045.161643835616 2045.246575342466 2045.161643835616 69.171200000 0.000000000
2045.246575342466 2045.328767123288 2045.246575342466 69.171200000 0.000000000
2045.328767123288 2045.413698630137 2045.328767123288 69.171200000 0.000000000
2045.413698630137 2045.495890410959 2045.413698630137 69.171200000 0.000000000
2045.495890410959 2045.580821917808 2045.495890410959 69.171200000 0.000000000
2045.580821917808 2045.665753424658 2045.580821917808 69.171200000 0.000000000
2045.665753424658 2045.747945205479 2045.665753424658 69.171200000 0.000000000
2045.747945205479 2045.832876712329 2045.747945205479 69.171200000 0.000000000
2045.832876712329 2045.915068493151 2045.832876712329 69.171200000 0.000000000
2045.915068493151 2046.000000000000 2045.915068493151 69.171200000 0.000000000
2046.000000000000 2046.084931506849 2046.000000000000 69.171200000 0.000000000
2046.084931506849 2046.161643835616 2046.084931506849 69.171200000 0.000000000
2046.161643835616 2046.246575342466 2046.161643835616 69.171200000 0.000000000
2046.246575342466 2046.328767123288 2046.246575342466 69.171200000 0.000000000
2046.328767123288 2046.413698630137 2046.328767123288 69.171200000 0.000000000
2046.413698630137 2046.495890410959 2046.413698630137 69.171200000 0.000000000
2046.495890410959 2046.580821917808 2046.495890410959 69.171200000 0.000000000
2046.580821917808 2046.665753424658 2046.580821917808 69.171200000 0.000000000
2046.665753424658 2046.747945205479 2046.665753424658 69.171200000 0.000000000
2046.747945205479 2046.832876712329 2046.747945205479 69.171200000 0.000000000
2046.832876712329 2046.915068493151 2046.832876712329 69.171200000 0.000000000
2046.915068493151 2047.000000000000 2046.915068493151 69.171200000 0.000000000
2047.000000000000 2047.084931506849 2047.000000000000 69.171200000 0.000000000
2047.084931506849 2047.161643835616 2047.084931506849 69.171200000 0.000000000
2047.161643835616 2047.246575342466 2047.161643835616 69.171200000 0.000000000
2047.246575342466 2047.328767123288 2047.246575342466 69.171200000 0.000000000
2047.328767123288 2047.413698630137 2047.328767123288 69.171200000 0.000000000
2047.413698630137 2047.495890410959 2047.413698630137 69.171200000 0.000000000
2047.495890410959 2047.580821917808 2047.495890410959 69.171200000 0.000000000
2047.580821917808 2047.665753424658 2047.580821917808 69.171200000 0.000000000
2047.665753424658 2047.747945205479 2047.665753424658 69.171200000 0.000000000
2047.747945205479 2047.832876712329 2047.747945205479 69.171200000 0.000000000
2047.832876712329 2047.915068493151 2047.832876712329 69.171200000 0.000000000
2047.915068493151 2048.000000000000 2047.915068493151 69.171200000 0.000000000
2048.000000000000 2048.084699453552 2048.000000000000 69.171200000 0.000000000
2048.084699453552 2048.163934426229 2048.084699453552 69.171200000 0.000000000
2048.163934426229 2048.248633879781 2048.163934426229 69.171200000 0.000000000
2048.248633879781 2048.330601092896 2048.248633879781 69.171200000 0.000000000
2048.330601092896 2048.415300546448 2048.330601092896 69.171200000 0.000000000
2048.415300546448 2048.497267759563 2048.415300546448 69.171200000 0.000000000
2048.497267759563 2048.581967213115 2048.497267759563 69.171200000 0.000000000
2048.581967213115 2048.666666666667 2048.581967213115 69.171200000 0.000000000
2048.666666666667 2048.748633879781 2048.666666666667 69.171200000 0.000000000
2048.748633879781 2048.833333333333 2048.748633879781 69.171200000 0.000000000
2048.833333333333 2048.915300546448 2048.833333333333 69.171200000 0.000000000
2048.915300546448 2049.000000000000 2048.915300546448 69.171200000 0.000000000
2049.000000000000 2049.084931506849 2049.000000000000 69.171200000 0.000000000
2049.084931506849 2049.161643835616 2049.084931506849 69.171200000 0.000000000
2049.161643835616 2049.246575342466 2049.161643835616 69.171200000 0.000000000
2049.246575342466 2049.328767123288 2049.246575342466 69.171200000 0.000000000
2049.328767123288 2049.413698630137 2049.328767123288 69.171200000 0.000000000
2049.413698630137 2049.495890410959 2049.413698630137 69.171200000 0.000000000
2049.495890410959 2049.580821917808 2049.495890410959 69.171200000 0.000000000
2049.580821917808 2049.665753424657 2049.580821917808 69.171200000 0.000000000
2049.665753424657 2049.747945205479 2049.665753424657 69.171200000 0.000000000
2049.747945205479 2049.832876712329 2049.747945205479 69.171200000 0.000000000
2049.832876712329 2049.915068493151 2049.832876712329 69.171200000 0.000000000
2049.915068493151 2050.000000000000 2049.915068493151 69.171200000 0.000000000
2050.000000000000 2050.084931506849 2050.000000000000 69.171200000 0.000000000
2050.084931506849 2050.161643835616 2050.084931506849 69.171200000 0.000000000
2050.161643835616 2050.246575342466 2050.161643835616 69.171200000 0.000000000
2050.246575342466 2050.328767123288 2050.246575342466 69.171200000 0.000000000
2050.328767123288 2050.413698630137 2050.328767123288 69.171200000 0.000000000
2050.413698630137 2050.495890410959 2050.413698630137 69.171200000 0.000000000
2050.495890410959 2050.580821917808 2050.495890410959 69.171200000 0.000000000
2050.580821917808 2050.665753424657 2050.580821917808 69.171200000 0.000000000
2050.665753424657 2050.747945205479 2050.665753424657 69.171200000 0.000000000
2050.747945205479 2050.832876712329 2050.747945205479 69.171200000 0.000000000
2050.832876712329 2050.915068493151 2050.832876712329 69.171200000 0.000000000
2050.915068493151 2051.000000000000 2050.915068493151 69.171200000 0.000000000
